(kicad_pcb (version 20171130) (host pcbnew 5.1.8+dfsg1-1+b1)

  (general
    (thickness 1.6)
    (drawings 4)
    (tracks 183)
    (zones 0)
    (modules 16)
    (nets 17)
  )

  (page A4)
  (layers
    (0 F.Cu signal)
    (31 B.Cu signal)
    (32 B.Adhes user)
    (33 F.Adhes user)
    (34 B.Paste user)
    (35 F.Paste user)
    (36 B.SilkS user)
    (37 F.SilkS user)
    (38 B.Mask user)
    (39 F.Mask user)
    (40 Dwgs.User user)
    (41 Cmts.User user)
    (42 Eco1.User user)
    (43 Eco2.User user)
    (44 Edge.Cuts user)
    (45 Margin user)
    (46 B.CrtYd user)
    (47 F.CrtYd user)
    (48 B.Fab user)
    (49 F.Fab user)
  )

  (setup
    (last_trace_width 0.25)
    (trace_clearance 0.2)
    (zone_clearance 0.508)
    (zone_45_only no)
    (trace_min 0.2)
    (via_size 0.8)
    (via_drill 0.4)
    (via_min_size 0.4)
    (via_min_drill 0.3)
    (uvia_size 0.3)
    (uvia_drill 0.1)
    (uvias_allowed no)
    (uvia_min_size 0.2)
    (uvia_min_drill 0.1)
    (edge_width 0.05)
    (segment_width 0.2)
    (pcb_text_width 0.3)
    (pcb_text_size 1.5 1.5)
    (mod_edge_width 0.12)
    (mod_text_size 1 1)
    (mod_text_width 0.15)
    (pad_size 1.524 1.524)
    (pad_drill 0.762)
    (pad_to_mask_clearance 0)
    (aux_axis_origin 0 0)
    (visible_elements FFFFFF7F)
    (pcbplotparams
      (layerselection 0x010fc_ffffffff)
      (usegerberextensions false)
      (usegerberattributes true)
      (usegerberadvancedattributes true)
      (creategerberjobfile true)
      (excludeedgelayer true)
      (linewidth 0.100000)
      (plotframeref false)
      (viasonmask false)
      (mode 1)
      (useauxorigin false)
      (hpglpennumber 1)
      (hpglpenspeed 20)
      (hpglpendiameter 15.000000)
      (psnegative false)
      (psa4output false)
      (plotreference true)
      (plotvalue true)
      (plotinvisibletext false)
      (padsonsilk false)
      (subtractmaskfromsilk false)
      (outputformat 1)
      (mirror false)
      (drillshape 0)
      (scaleselection 1)
      (outputdirectory ""))
  )

  (net 0 "")
  (net 1 +3V3)
  (net 2 GND)
  (net 3 /ID)
  (net 4 "Net-(C4-Pad1)")
  (net 5 "Net-(C5-Pad1)")
  (net 6 VBUS)
  (net 7 /SCLK)
  (net 8 /RST)
  (net 9 /SS)
  (net 10 /IRQ)
  (net 11 /MISO)
  (net 12 /MOSI)
  (net 13 /D+)
  (net 14 /D-)
  (net 15 /MAX_D-)
  (net 16 /MAX_D+)

  (net_class Default "This is the default net class."
    (clearance 0.2)
    (trace_width 0.25)
    (via_dia 0.8)
    (via_drill 0.4)
    (uvia_dia 0.3)
    (uvia_drill 0.1)
    (add_net +3V3)
    (add_net /D+)
    (add_net /D-)
    (add_net /ID)
    (add_net /IRQ)
    (add_net /MAX_D+)
    (add_net /MAX_D-)
    (add_net /MISO)
    (add_net /MOSI)
    (add_net /RST)
    (add_net /SCLK)
    (add_net /SS)
    (add_net GND)
    (add_net "Net-(C4-Pad1)")
    (add_net "Net-(C5-Pad1)")
    (add_net VBUS)
  )

  (module ds_card_extender:ds_card (layer F.Cu) (tedit 5FC00FE2) (tstamp 5FC1FB87)
    (at 140 40)
    (path /5FC1D337)
    (fp_text reference J1 (at 14.1 24.6) (layer F.SilkS)
      (effects (font (size 1 1) (thickness 0.15)))
    )
    (fp_text value DS_Card (at 9.05 24.55) (layer F.Fab)
      (effects (font (size 1 1) (thickness 0.15)))
    )
    (fp_poly (pts (xy 27.8 30.4) (xy 26.8 31.4) (xy 0 31.4) (xy 0 25.5)
      (xy 27.8 25.5)) (layer F.Mask) (width 0.1))
    (fp_line (start -0.001041 31.414061) (end 26.788021 31.414014) (layer Edge.Cuts) (width 0.2))
    (fp_line (start 0 20.7) (end -0.001041 31.414061) (layer Edge.Cuts) (width 0.2))
    (fp_line (start 26.788021 31.414014) (end 27.780209 30.421826) (layer Edge.Cuts) (width 0.2))
    (fp_line (start 27.780209 17.4) (end 27.780209 -0.005209) (layer Edge.Cuts) (width 0.2))
    (fp_line (start 27.780209 30.421826) (end 27.780209 20.7) (layer Edge.Cuts) (width 0.2))
    (fp_line (start -0.001041 -0.005209) (end 0 17.4) (layer Edge.Cuts) (width 0.2))
    (fp_arc (start 0 19.05) (end 0 20.7) (angle -180) (layer Edge.Cuts) (width 0.12))
    (fp_arc (start 27.780209 19.05) (end 27.780209 20.7) (angle 180) (layer Edge.Cuts) (width 0.12))
    (fp_text user 1 (at 1.3 24.65) (layer F.SilkS)
      (effects (font (size 1 1) (thickness 0.15)))
    )
    (fp_text user 17 (at 25.35 24.7) (layer F.SilkS)
      (effects (font (size 1 1) (thickness 0.15)))
    )
    (pad "" np_thru_hole circle (at 5.95 4.65) (size 2.8 2.8) (drill 2.65) (layers *.Cu *.Mask))
    (pad "" np_thru_hole circle (at 21.8 4.65) (size 2.8 2.8) (drill 2.65) (layers *.Cu *.Mask))
    (pad 1 smd rect (at 1.3 27.95) (size 1.2 4.9) (layers F.Cu F.Paste F.Mask)
      (net 2 GND))
    (pad 2 smd rect (at 2.8 27.55) (size 1.2 4.1) (layers F.Cu F.Paste F.Mask)
      (net 7 /SCLK))
    (pad 3 smd rect (at 4.35 27.55) (size 1.2 4.1) (layers F.Cu F.Paste F.Mask))
    (pad 4 smd rect (at 5.8 27.55) (size 1.2 4.1) (layers F.Cu F.Paste F.Mask))
    (pad 5 smd rect (at 7.3 27.55) (size 1.2 4.1) (layers F.Cu F.Paste F.Mask)
      (net 8 /RST))
    (pad 6 smd rect (at 8.85 27.55) (size 1.2 4.1) (layers F.Cu F.Paste F.Mask)
      (net 9 /SS))
    (pad 7 smd rect (at 10.35 27.55) (size 1.2 4.1) (layers F.Cu F.Paste F.Mask)
      (net 10 /IRQ))
    (pad 8 smd rect (at 11.9 27.95) (size 1.2 4.9) (layers F.Cu F.Paste F.Mask)
      (net 1 +3V3))
    (pad 9 smd rect (at 13.35 27.55) (size 1.2 4.1) (layers F.Cu F.Paste F.Mask))
    (pad 10 smd rect (at 14.8 27.55) (size 1.2 4.1) (layers F.Cu F.Paste F.Mask))
    (pad 11 smd rect (at 16.3 27.55) (size 1.2 4.1) (layers F.Cu F.Paste F.Mask))
    (pad 12 smd rect (at 17.85 27.55) (size 1.2 4.1) (layers F.Cu F.Paste F.Mask))
    (pad 13 smd rect (at 19.35 27.55) (size 1.2 4.1) (layers F.Cu F.Paste F.Mask))
    (pad 14 smd rect (at 20.9 27.55) (size 1.2 4.1) (layers F.Cu F.Paste F.Mask))
    (pad 15 smd rect (at 22.35 27.55) (size 1.2 4.1) (layers F.Cu F.Paste F.Mask)
      (net 11 /MISO))
    (pad 16 smd rect (at 23.85 27.55) (size 1.2 4.1) (layers F.Cu F.Paste F.Mask)
      (net 12 /MOSI))
    (pad 17 smd rect (at 25.35 27.95) (size 1.2 4.9) (layers F.Cu F.Paste F.Mask)
      (net 2 GND))
  )

  (module Capacitor_SMD:C_0603_1608Metric (layer F.Cu) (tedit 5F68FEEE) (tstamp 5FC1FB10)
    (at 156.325 61.7)
    (descr "Capacitor SMD 0603 (1608 Metric), square (rectangular) end terminal, IPC_7351 nominal, (Body size source: IPC-SM-782 page 76, https://www.pcb-3d.com/wordpress/wp-content/uploads/ipc-sm-782a_amendment_1_and_2.pdf), generated with kicad-footprint-generator")
    (tags capacitor)
    (path /5FCCF50D)
    (attr smd)
    (fp_text reference C1 (at -2.725 -0.1) (layer F.SilkS)
      (effects (font (size 1 1) (thickness 0.15)))
    )
    (fp_text value 100n (at 0 1.43) (layer F.Fab)
      (effects (font (size 1 1) (thickness 0.15)))
    )
    (fp_line (start 1.48 0.73) (end -1.48 0.73) (layer F.CrtYd) (width 0.05))
    (fp_line (start 1.48 -0.73) (end 1.48 0.73) (layer F.CrtYd) (width 0.05))
    (fp_line (start -1.48 -0.73) (end 1.48 -0.73) (layer F.CrtYd) (width 0.05))
    (fp_line (start -1.48 0.73) (end -1.48 -0.73) (layer F.CrtYd) (width 0.05))
    (fp_line (start -0.14058 0.51) (end 0.14058 0.51) (layer F.SilkS) (width 0.12))
    (fp_line (start -0.14058 -0.51) (end 0.14058 -0.51) (layer F.SilkS) (width 0.12))
    (fp_line (start 0.8 0.4) (end -0.8 0.4) (layer F.Fab) (width 0.1))
    (fp_line (start 0.8 -0.4) (end 0.8 0.4) (layer F.Fab) (width 0.1))
    (fp_line (start -0.8 -0.4) (end 0.8 -0.4) (layer F.Fab) (width 0.1))
    (fp_line (start -0.8 0.4) (end -0.8 -0.4) (layer F.Fab) (width 0.1))
    (fp_text user %R (at 0 0) (layer F.Fab)
      (effects (font (size 0.4 0.4) (thickness 0.06)))
    )
    (pad 1 smd roundrect (at -0.775 0) (size 0.9 0.95) (layers F.Cu F.Paste F.Mask) (roundrect_rratio 0.25)
      (net 1 +3V3))
    (pad 2 smd roundrect (at 0.775 0) (size 0.9 0.95) (layers F.Cu F.Paste F.Mask) (roundrect_rratio 0.25)
      (net 2 GND))
    (model ${KISYS3DMOD}/Capacitor_SMD.3dshapes/C_0603_1608Metric.wrl
      (at (xyz 0 0 0))
      (scale (xyz 1 1 1))
      (rotate (xyz 0 0 0))
    )
  )

  (module Capacitor_SMD:C_0603_1608Metric (layer F.Cu) (tedit 5F68FEEE) (tstamp 5FC1FB21)
    (at 155.9 48.5 90)
    (descr "Capacitor SMD 0603 (1608 Metric), square (rectangular) end terminal, IPC_7351 nominal, (Body size source: IPC-SM-782 page 76, https://www.pcb-3d.com/wordpress/wp-content/uploads/ipc-sm-782a_amendment_1_and_2.pdf), generated with kicad-footprint-generator")
    (tags capacitor)
    (path /5FCE28E3)
    (attr smd)
    (fp_text reference C2 (at 2.5 1.1 90) (layer F.SilkS)
      (effects (font (size 1 1) (thickness 0.15)))
    )
    (fp_text value 100n (at 0 1.43 90) (layer F.Fab)
      (effects (font (size 1 1) (thickness 0.15)))
    )
    (fp_line (start -0.8 0.4) (end -0.8 -0.4) (layer F.Fab) (width 0.1))
    (fp_line (start -0.8 -0.4) (end 0.8 -0.4) (layer F.Fab) (width 0.1))
    (fp_line (start 0.8 -0.4) (end 0.8 0.4) (layer F.Fab) (width 0.1))
    (fp_line (start 0.8 0.4) (end -0.8 0.4) (layer F.Fab) (width 0.1))
    (fp_line (start -0.14058 -0.51) (end 0.14058 -0.51) (layer F.SilkS) (width 0.12))
    (fp_line (start -0.14058 0.51) (end 0.14058 0.51) (layer F.SilkS) (width 0.12))
    (fp_line (start -1.48 0.73) (end -1.48 -0.73) (layer F.CrtYd) (width 0.05))
    (fp_line (start -1.48 -0.73) (end 1.48 -0.73) (layer F.CrtYd) (width 0.05))
    (fp_line (start 1.48 -0.73) (end 1.48 0.73) (layer F.CrtYd) (width 0.05))
    (fp_line (start 1.48 0.73) (end -1.48 0.73) (layer F.CrtYd) (width 0.05))
    (fp_text user %R (at 0 0 90) (layer F.Fab)
      (effects (font (size 0.4 0.4) (thickness 0.06)))
    )
    (pad 2 smd roundrect (at 0.775 0 90) (size 0.9 0.95) (layers F.Cu F.Paste F.Mask) (roundrect_rratio 0.25)
      (net 2 GND))
    (pad 1 smd roundrect (at -0.775 0 90) (size 0.9 0.95) (layers F.Cu F.Paste F.Mask) (roundrect_rratio 0.25)
      (net 1 +3V3))
    (model ${KISYS3DMOD}/Capacitor_SMD.3dshapes/C_0603_1608Metric.wrl
      (at (xyz 0 0 0))
      (scale (xyz 1 1 1))
      (rotate (xyz 0 0 0))
    )
  )

  (module Capacitor_SMD:C_0603_1608Metric (layer F.Cu) (tedit 5F68FEEE) (tstamp 5FC1FB32)
    (at 147.2 56 180)
    (descr "Capacitor SMD 0603 (1608 Metric), square (rectangular) end terminal, IPC_7351 nominal, (Body size source: IPC-SM-782 page 76, https://www.pcb-3d.com/wordpress/wp-content/uploads/ipc-sm-782a_amendment_1_and_2.pdf), generated with kicad-footprint-generator")
    (tags capacitor)
    (path /5FD169A0)
    (attr smd)
    (fp_text reference C3 (at 2.7 0) (layer F.SilkS)
      (effects (font (size 1 1) (thickness 0.15)))
    )
    (fp_text value 100n (at 0 1.43) (layer F.Fab)
      (effects (font (size 1 1) (thickness 0.15)))
    )
    (fp_line (start 1.48 0.73) (end -1.48 0.73) (layer F.CrtYd) (width 0.05))
    (fp_line (start 1.48 -0.73) (end 1.48 0.73) (layer F.CrtYd) (width 0.05))
    (fp_line (start -1.48 -0.73) (end 1.48 -0.73) (layer F.CrtYd) (width 0.05))
    (fp_line (start -1.48 0.73) (end -1.48 -0.73) (layer F.CrtYd) (width 0.05))
    (fp_line (start -0.14058 0.51) (end 0.14058 0.51) (layer F.SilkS) (width 0.12))
    (fp_line (start -0.14058 -0.51) (end 0.14058 -0.51) (layer F.SilkS) (width 0.12))
    (fp_line (start 0.8 0.4) (end -0.8 0.4) (layer F.Fab) (width 0.1))
    (fp_line (start 0.8 -0.4) (end 0.8 0.4) (layer F.Fab) (width 0.1))
    (fp_line (start -0.8 -0.4) (end 0.8 -0.4) (layer F.Fab) (width 0.1))
    (fp_line (start -0.8 0.4) (end -0.8 -0.4) (layer F.Fab) (width 0.1))
    (fp_text user %R (at 0 0) (layer F.Fab)
      (effects (font (size 0.4 0.4) (thickness 0.06)))
    )
    (pad 1 smd roundrect (at -0.775 0 180) (size 0.9 0.95) (layers F.Cu F.Paste F.Mask) (roundrect_rratio 0.25)
      (net 3 /ID))
    (pad 2 smd roundrect (at 0.775 0 180) (size 0.9 0.95) (layers F.Cu F.Paste F.Mask) (roundrect_rratio 0.25)
      (net 2 GND))
    (model ${KISYS3DMOD}/Capacitor_SMD.3dshapes/C_0603_1608Metric.wrl
      (at (xyz 0 0 0))
      (scale (xyz 1 1 1))
      (rotate (xyz 0 0 0))
    )
  )

  (module Capacitor_SMD:C_0603_1608Metric (layer F.Cu) (tedit 5F68FEEE) (tstamp 5FC1FB43)
    (at 147.2 53.6 180)
    (descr "Capacitor SMD 0603 (1608 Metric), square (rectangular) end terminal, IPC_7351 nominal, (Body size source: IPC-SM-782 page 76, https://www.pcb-3d.com/wordpress/wp-content/uploads/ipc-sm-782a_amendment_1_and_2.pdf), generated with kicad-footprint-generator")
    (tags capacitor)
    (path /5FCF6165)
    (attr smd)
    (fp_text reference C4 (at 2.7 0) (layer F.SilkS)
      (effects (font (size 1 1) (thickness 0.15)))
    )
    (fp_text value 20p (at 0 1.43) (layer F.Fab)
      (effects (font (size 1 1) (thickness 0.15)))
    )
    (fp_line (start 1.48 0.73) (end -1.48 0.73) (layer F.CrtYd) (width 0.05))
    (fp_line (start 1.48 -0.73) (end 1.48 0.73) (layer F.CrtYd) (width 0.05))
    (fp_line (start -1.48 -0.73) (end 1.48 -0.73) (layer F.CrtYd) (width 0.05))
    (fp_line (start -1.48 0.73) (end -1.48 -0.73) (layer F.CrtYd) (width 0.05))
    (fp_line (start -0.14058 0.51) (end 0.14058 0.51) (layer F.SilkS) (width 0.12))
    (fp_line (start -0.14058 -0.51) (end 0.14058 -0.51) (layer F.SilkS) (width 0.12))
    (fp_line (start 0.8 0.4) (end -0.8 0.4) (layer F.Fab) (width 0.1))
    (fp_line (start 0.8 -0.4) (end 0.8 0.4) (layer F.Fab) (width 0.1))
    (fp_line (start -0.8 -0.4) (end 0.8 -0.4) (layer F.Fab) (width 0.1))
    (fp_line (start -0.8 0.4) (end -0.8 -0.4) (layer F.Fab) (width 0.1))
    (fp_text user %R (at 0 0) (layer F.Fab)
      (effects (font (size 0.4 0.4) (thickness 0.06)))
    )
    (pad 1 smd roundrect (at -0.775 0 180) (size 0.9 0.95) (layers F.Cu F.Paste F.Mask) (roundrect_rratio 0.25)
      (net 4 "Net-(C4-Pad1)"))
    (pad 2 smd roundrect (at 0.775 0 180) (size 0.9 0.95) (layers F.Cu F.Paste F.Mask) (roundrect_rratio 0.25)
      (net 2 GND))
    (model ${KISYS3DMOD}/Capacitor_SMD.3dshapes/C_0603_1608Metric.wrl
      (at (xyz 0 0 0))
      (scale (xyz 1 1 1))
      (rotate (xyz 0 0 0))
    )
  )

  (module Capacitor_SMD:C_0603_1608Metric (layer F.Cu) (tedit 5F68FEEE) (tstamp 5FC1FB54)
    (at 153.4 48.5 90)
    (descr "Capacitor SMD 0603 (1608 Metric), square (rectangular) end terminal, IPC_7351 nominal, (Body size source: IPC-SM-782 page 76, https://www.pcb-3d.com/wordpress/wp-content/uploads/ipc-sm-782a_amendment_1_and_2.pdf), generated with kicad-footprint-generator")
    (tags capacitor)
    (path /5FCF66C0)
    (attr smd)
    (fp_text reference C5 (at 0 -1.43 90) (layer F.SilkS)
      (effects (font (size 1 1) (thickness 0.15)))
    )
    (fp_text value 20p (at 0 1.43 90) (layer F.Fab)
      (effects (font (size 1 1) (thickness 0.15)))
    )
    (fp_line (start -0.8 0.4) (end -0.8 -0.4) (layer F.Fab) (width 0.1))
    (fp_line (start -0.8 -0.4) (end 0.8 -0.4) (layer F.Fab) (width 0.1))
    (fp_line (start 0.8 -0.4) (end 0.8 0.4) (layer F.Fab) (width 0.1))
    (fp_line (start 0.8 0.4) (end -0.8 0.4) (layer F.Fab) (width 0.1))
    (fp_line (start -0.14058 -0.51) (end 0.14058 -0.51) (layer F.SilkS) (width 0.12))
    (fp_line (start -0.14058 0.51) (end 0.14058 0.51) (layer F.SilkS) (width 0.12))
    (fp_line (start -1.48 0.73) (end -1.48 -0.73) (layer F.CrtYd) (width 0.05))
    (fp_line (start -1.48 -0.73) (end 1.48 -0.73) (layer F.CrtYd) (width 0.05))
    (fp_line (start 1.48 -0.73) (end 1.48 0.73) (layer F.CrtYd) (width 0.05))
    (fp_line (start 1.48 0.73) (end -1.48 0.73) (layer F.CrtYd) (width 0.05))
    (fp_text user %R (at 0 0 90) (layer F.Fab)
      (effects (font (size 0.4 0.4) (thickness 0.06)))
    )
    (pad 2 smd roundrect (at 0.775 0 90) (size 0.9 0.95) (layers F.Cu F.Paste F.Mask) (roundrect_rratio 0.25)
      (net 2 GND))
    (pad 1 smd roundrect (at -0.775 0 90) (size 0.9 0.95) (layers F.Cu F.Paste F.Mask) (roundrect_rratio 0.25)
      (net 5 "Net-(C5-Pad1)"))
    (model ${KISYS3DMOD}/Capacitor_SMD.3dshapes/C_0603_1608Metric.wrl
      (at (xyz 0 0 0))
      (scale (xyz 1 1 1))
      (rotate (xyz 0 0 0))
    )
  )

  (module Capacitor_SMD:C_0603_1608Metric (layer F.Cu) (tedit 5F68FEEE) (tstamp 5FC1FB65)
    (at 154.325 44.8)
    (descr "Capacitor SMD 0603 (1608 Metric), square (rectangular) end terminal, IPC_7351 nominal, (Body size source: IPC-SM-782 page 76, https://www.pcb-3d.com/wordpress/wp-content/uploads/ipc-sm-782a_amendment_1_and_2.pdf), generated with kicad-footprint-generator")
    (tags capacitor)
    (path /5FD2E3C0)
    (attr smd)
    (fp_text reference C6 (at -2.525 0.1) (layer F.SilkS)
      (effects (font (size 1 1) (thickness 0.15)))
    )
    (fp_text value 100n (at 0 1.43) (layer F.Fab)
      (effects (font (size 1 1) (thickness 0.15)))
    )
    (fp_line (start -0.8 0.4) (end -0.8 -0.4) (layer F.Fab) (width 0.1))
    (fp_line (start -0.8 -0.4) (end 0.8 -0.4) (layer F.Fab) (width 0.1))
    (fp_line (start 0.8 -0.4) (end 0.8 0.4) (layer F.Fab) (width 0.1))
    (fp_line (start 0.8 0.4) (end -0.8 0.4) (layer F.Fab) (width 0.1))
    (fp_line (start -0.14058 -0.51) (end 0.14058 -0.51) (layer F.SilkS) (width 0.12))
    (fp_line (start -0.14058 0.51) (end 0.14058 0.51) (layer F.SilkS) (width 0.12))
    (fp_line (start -1.48 0.73) (end -1.48 -0.73) (layer F.CrtYd) (width 0.05))
    (fp_line (start -1.48 -0.73) (end 1.48 -0.73) (layer F.CrtYd) (width 0.05))
    (fp_line (start 1.48 -0.73) (end 1.48 0.73) (layer F.CrtYd) (width 0.05))
    (fp_line (start 1.48 0.73) (end -1.48 0.73) (layer F.CrtYd) (width 0.05))
    (fp_text user %R (at 0 0) (layer F.Fab)
      (effects (font (size 0.4 0.4) (thickness 0.06)))
    )
    (pad 2 smd roundrect (at 0.775 0) (size 0.9 0.95) (layers F.Cu F.Paste F.Mask) (roundrect_rratio 0.25)
      (net 2 GND))
    (pad 1 smd roundrect (at -0.775 0) (size 0.9 0.95) (layers F.Cu F.Paste F.Mask) (roundrect_rratio 0.25)
      (net 6 VBUS))
    (model ${KISYS3DMOD}/Capacitor_SMD.3dshapes/C_0603_1608Metric.wrl
      (at (xyz 0 0 0))
      (scale (xyz 1 1 1))
      (rotate (xyz 0 0 0))
    )
  )

  (module Connector_USB:USB_Micro-B_Wuerth_629105150521 (layer F.Cu) (tedit 5A142044) (tstamp 5FC1FBB6)
    (at 148.3 40.4 180)
    (descr "USB Micro-B receptacle, http://www.mouser.com/ds/2/445/629105150521-469306.pdf")
    (tags "usb micro receptacle")
    (path /5FC17F35)
    (attr smd)
    (fp_text reference J2 (at 0 -3.5) (layer F.SilkS)
      (effects (font (size 1 1) (thickness 0.15)))
    )
    (fp_text value USB_OTG (at 0 5.6) (layer F.Fab)
      (effects (font (size 1 1) (thickness 0.15)))
    )
    (fp_line (start 4.95 -3.34) (end -4.94 -3.34) (layer F.CrtYd) (width 0.05))
    (fp_line (start 4.95 4.85) (end 4.95 -3.34) (layer F.CrtYd) (width 0.05))
    (fp_line (start -4.94 4.85) (end 4.95 4.85) (layer F.CrtYd) (width 0.05))
    (fp_line (start -4.94 -3.34) (end -4.94 4.85) (layer F.CrtYd) (width 0.05))
    (fp_line (start 1.8 -2.4) (end 2.8 -2.4) (layer F.SilkS) (width 0.15))
    (fp_line (start -1.8 -2.4) (end -2.8 -2.4) (layer F.SilkS) (width 0.15))
    (fp_line (start -1.8 -2.825) (end -1.8 -2.4) (layer F.SilkS) (width 0.15))
    (fp_line (start -1.075 -2.825) (end -1.8 -2.825) (layer F.SilkS) (width 0.15))
    (fp_line (start 4.15 0.75) (end 4.15 -0.65) (layer F.SilkS) (width 0.15))
    (fp_line (start 4.15 3.3) (end 4.15 3.15) (layer F.SilkS) (width 0.15))
    (fp_line (start 3.85 3.3) (end 4.15 3.3) (layer F.SilkS) (width 0.15))
    (fp_line (start 3.85 3.75) (end 3.85 3.3) (layer F.SilkS) (width 0.15))
    (fp_line (start -3.85 3.3) (end -3.85 3.75) (layer F.SilkS) (width 0.15))
    (fp_line (start -4.15 3.3) (end -3.85 3.3) (layer F.SilkS) (width 0.15))
    (fp_line (start -4.15 3.15) (end -4.15 3.3) (layer F.SilkS) (width 0.15))
    (fp_line (start -4.15 -0.65) (end -4.15 0.75) (layer F.SilkS) (width 0.15))
    (fp_line (start -1.075 -2.95) (end -1.075 -2.725) (layer F.Fab) (width 0.15))
    (fp_line (start -1.525 -2.95) (end -1.075 -2.95) (layer F.Fab) (width 0.15))
    (fp_line (start -1.525 -2.725) (end -1.525 -2.95) (layer F.Fab) (width 0.15))
    (fp_line (start -1.3 -2.55) (end -1.525 -2.725) (layer F.Fab) (width 0.15))
    (fp_line (start -1.075 -2.725) (end -1.3 -2.55) (layer F.Fab) (width 0.15))
    (fp_line (start -2.7 3.75) (end 2.7 3.75) (layer F.Fab) (width 0.15))
    (fp_line (start 4 -2.25) (end -4 -2.25) (layer F.Fab) (width 0.15))
    (fp_line (start 4 3.15) (end 4 -2.25) (layer F.Fab) (width 0.15))
    (fp_line (start 3.7 3.15) (end 4 3.15) (layer F.Fab) (width 0.15))
    (fp_line (start 3.7 4.35) (end 3.7 3.15) (layer F.Fab) (width 0.15))
    (fp_line (start -3.7 4.35) (end 3.7 4.35) (layer F.Fab) (width 0.15))
    (fp_line (start -3.7 3.15) (end -3.7 4.35) (layer F.Fab) (width 0.15))
    (fp_line (start -4 3.15) (end -3.7 3.15) (layer F.Fab) (width 0.15))
    (fp_line (start -4 -2.25) (end -4 3.15) (layer F.Fab) (width 0.15))
    (fp_text user %R (at 0 1.05) (layer F.Fab)
      (effects (font (size 1 1) (thickness 0.15)))
    )
    (fp_text user "PCB Edge" (at 0 3.75) (layer Dwgs.User)
      (effects (font (size 0.5 0.5) (thickness 0.08)))
    )
    (pad 1 smd rect (at -1.3 -1.9 180) (size 0.45 1.3) (layers F.Cu F.Paste F.Mask)
      (net 6 VBUS))
    (pad 2 smd rect (at -0.65 -1.9 180) (size 0.45 1.3) (layers F.Cu F.Paste F.Mask))
    (pad 3 smd rect (at 0 -1.9 180) (size 0.45 1.3) (layers F.Cu F.Paste F.Mask))
    (pad 4 smd rect (at 0.65 -1.9 180) (size 0.45 1.3) (layers F.Cu F.Paste F.Mask))
    (pad 5 smd rect (at 1.3 -1.9 180) (size 0.45 1.3) (layers F.Cu F.Paste F.Mask)
      (net 2 GND))
    (pad 6 thru_hole oval (at -3.725 -1.85 180) (size 1.45 2) (drill oval 0.85 1.4) (layers *.Cu *.Mask)
      (net 2 GND))
    (pad 6 thru_hole oval (at 3.725 -1.85 180) (size 1.45 2) (drill oval 0.85 1.4) (layers *.Cu *.Mask)
      (net 2 GND))
    (pad 6 thru_hole oval (at -3.875 1.95 180) (size 1.15 1.8) (drill oval 0.55 1.2) (layers *.Cu *.Mask)
      (net 2 GND))
    (pad 6 thru_hole oval (at 3.875 1.95 180) (size 1.15 1.8) (drill oval 0.55 1.2) (layers *.Cu *.Mask)
      (net 2 GND))
    (pad "" np_thru_hole oval (at -2.5 -0.8 180) (size 0.8 0.8) (drill 0.8) (layers *.Cu *.Mask))
    (pad "" np_thru_hole oval (at 2.5 -0.8 180) (size 0.8 0.8) (drill 0.8) (layers *.Cu *.Mask))
    (model ${KISYS3DMOD}/Connector_USB.3dshapes/USB_Micro-B_Wuerth_629105150521.wrl
      (at (xyz 0 0 0))
      (scale (xyz 1 1 1))
      (rotate (xyz 0 0 0))
    )
  )

  (module Connector_USB:USB_Micro-B_Wuerth_629105150521 (layer F.Cu) (tedit 5A142044) (tstamp 5FC1FBE5)
    (at 159.5 40.4 180)
    (descr "USB Micro-B receptacle, http://www.mouser.com/ds/2/445/629105150521-469306.pdf")
    (tags "usb micro receptacle")
    (path /5FC185BD)
    (attr smd)
    (fp_text reference J3 (at 0 -3.5) (layer F.SilkS)
      (effects (font (size 1 1) (thickness 0.15)))
    )
    (fp_text value USB_OTG (at 0 5.6) (layer F.Fab)
      (effects (font (size 1 1) (thickness 0.15)))
    )
    (fp_line (start -4 -2.25) (end -4 3.15) (layer F.Fab) (width 0.15))
    (fp_line (start -4 3.15) (end -3.7 3.15) (layer F.Fab) (width 0.15))
    (fp_line (start -3.7 3.15) (end -3.7 4.35) (layer F.Fab) (width 0.15))
    (fp_line (start -3.7 4.35) (end 3.7 4.35) (layer F.Fab) (width 0.15))
    (fp_line (start 3.7 4.35) (end 3.7 3.15) (layer F.Fab) (width 0.15))
    (fp_line (start 3.7 3.15) (end 4 3.15) (layer F.Fab) (width 0.15))
    (fp_line (start 4 3.15) (end 4 -2.25) (layer F.Fab) (width 0.15))
    (fp_line (start 4 -2.25) (end -4 -2.25) (layer F.Fab) (width 0.15))
    (fp_line (start -2.7 3.75) (end 2.7 3.75) (layer F.Fab) (width 0.15))
    (fp_line (start -1.075 -2.725) (end -1.3 -2.55) (layer F.Fab) (width 0.15))
    (fp_line (start -1.3 -2.55) (end -1.525 -2.725) (layer F.Fab) (width 0.15))
    (fp_line (start -1.525 -2.725) (end -1.525 -2.95) (layer F.Fab) (width 0.15))
    (fp_line (start -1.525 -2.95) (end -1.075 -2.95) (layer F.Fab) (width 0.15))
    (fp_line (start -1.075 -2.95) (end -1.075 -2.725) (layer F.Fab) (width 0.15))
    (fp_line (start -4.15 -0.65) (end -4.15 0.75) (layer F.SilkS) (width 0.15))
    (fp_line (start -4.15 3.15) (end -4.15 3.3) (layer F.SilkS) (width 0.15))
    (fp_line (start -4.15 3.3) (end -3.85 3.3) (layer F.SilkS) (width 0.15))
    (fp_line (start -3.85 3.3) (end -3.85 3.75) (layer F.SilkS) (width 0.15))
    (fp_line (start 3.85 3.75) (end 3.85 3.3) (layer F.SilkS) (width 0.15))
    (fp_line (start 3.85 3.3) (end 4.15 3.3) (layer F.SilkS) (width 0.15))
    (fp_line (start 4.15 3.3) (end 4.15 3.15) (layer F.SilkS) (width 0.15))
    (fp_line (start 4.15 0.75) (end 4.15 -0.65) (layer F.SilkS) (width 0.15))
    (fp_line (start -1.075 -2.825) (end -1.8 -2.825) (layer F.SilkS) (width 0.15))
    (fp_line (start -1.8 -2.825) (end -1.8 -2.4) (layer F.SilkS) (width 0.15))
    (fp_line (start -1.8 -2.4) (end -2.8 -2.4) (layer F.SilkS) (width 0.15))
    (fp_line (start 1.8 -2.4) (end 2.8 -2.4) (layer F.SilkS) (width 0.15))
    (fp_line (start -4.94 -3.34) (end -4.94 4.85) (layer F.CrtYd) (width 0.05))
    (fp_line (start -4.94 4.85) (end 4.95 4.85) (layer F.CrtYd) (width 0.05))
    (fp_line (start 4.95 4.85) (end 4.95 -3.34) (layer F.CrtYd) (width 0.05))
    (fp_line (start 4.95 -3.34) (end -4.94 -3.34) (layer F.CrtYd) (width 0.05))
    (fp_text user "PCB Edge" (at 0 3.75) (layer Dwgs.User)
      (effects (font (size 0.5 0.5) (thickness 0.08)))
    )
    (fp_text user %R (at 0 1.05) (layer F.Fab)
      (effects (font (size 1 1) (thickness 0.15)))
    )
    (pad "" np_thru_hole oval (at 2.5 -0.8 180) (size 0.8 0.8) (drill 0.8) (layers *.Cu *.Mask))
    (pad "" np_thru_hole oval (at -2.5 -0.8 180) (size 0.8 0.8) (drill 0.8) (layers *.Cu *.Mask))
    (pad 6 thru_hole oval (at 3.875 1.95 180) (size 1.15 1.8) (drill oval 0.55 1.2) (layers *.Cu *.Mask)
      (net 2 GND))
    (pad 6 thru_hole oval (at -3.875 1.95 180) (size 1.15 1.8) (drill oval 0.55 1.2) (layers *.Cu *.Mask)
      (net 2 GND))
    (pad 6 thru_hole oval (at 3.725 -1.85 180) (size 1.45 2) (drill oval 0.85 1.4) (layers *.Cu *.Mask)
      (net 2 GND))
    (pad 6 thru_hole oval (at -3.725 -1.85 180) (size 1.45 2) (drill oval 0.85 1.4) (layers *.Cu *.Mask)
      (net 2 GND))
    (pad 5 smd rect (at 1.3 -1.9 180) (size 0.45 1.3) (layers F.Cu F.Paste F.Mask)
      (net 2 GND))
    (pad 4 smd rect (at 0.65 -1.9 180) (size 0.45 1.3) (layers F.Cu F.Paste F.Mask)
      (net 3 /ID))
    (pad 3 smd rect (at 0 -1.9 180) (size 0.45 1.3) (layers F.Cu F.Paste F.Mask)
      (net 13 /D+))
    (pad 2 smd rect (at -0.65 -1.9 180) (size 0.45 1.3) (layers F.Cu F.Paste F.Mask)
      (net 14 /D-))
    (pad 1 smd rect (at -1.3 -1.9 180) (size 0.45 1.3) (layers F.Cu F.Paste F.Mask)
      (net 6 VBUS))
    (model ${KISYS3DMOD}/Connector_USB.3dshapes/USB_Micro-B_Wuerth_629105150521.wrl
      (at (xyz 0 0 0))
      (scale (xyz 1 1 1))
      (rotate (xyz 0 0 0))
    )
  )

  (module Resistor_SMD:R_0603_1608Metric (layer F.Cu) (tedit 5F68FEEE) (tstamp 5FC1FBF6)
    (at 147.125 60)
    (descr "Resistor SMD 0603 (1608 Metric), square (rectangular) end terminal, IPC_7351 nominal, (Body size source: IPC-SM-782 page 72, https://www.pcb-3d.com/wordpress/wp-content/uploads/ipc-sm-782a_amendment_1_and_2.pdf), generated with kicad-footprint-generator")
    (tags resistor)
    (path /5FCAB15D)
    (attr smd)
    (fp_text reference R1 (at 0 -1.43) (layer F.SilkS)
      (effects (font (size 1 1) (thickness 0.15)))
    )
    (fp_text value 15k (at 0 1.43) (layer F.Fab)
      (effects (font (size 1 1) (thickness 0.15)))
    )
    (fp_line (start 1.48 0.73) (end -1.48 0.73) (layer F.CrtYd) (width 0.05))
    (fp_line (start 1.48 -0.73) (end 1.48 0.73) (layer F.CrtYd) (width 0.05))
    (fp_line (start -1.48 -0.73) (end 1.48 -0.73) (layer F.CrtYd) (width 0.05))
    (fp_line (start -1.48 0.73) (end -1.48 -0.73) (layer F.CrtYd) (width 0.05))
    (fp_line (start -0.237258 0.5225) (end 0.237258 0.5225) (layer F.SilkS) (width 0.12))
    (fp_line (start -0.237258 -0.5225) (end 0.237258 -0.5225) (layer F.SilkS) (width 0.12))
    (fp_line (start 0.8 0.4125) (end -0.8 0.4125) (layer F.Fab) (width 0.1))
    (fp_line (start 0.8 -0.4125) (end 0.8 0.4125) (layer F.Fab) (width 0.1))
    (fp_line (start -0.8 -0.4125) (end 0.8 -0.4125) (layer F.Fab) (width 0.1))
    (fp_line (start -0.8 0.4125) (end -0.8 -0.4125) (layer F.Fab) (width 0.1))
    (fp_text user %R (at 0 0) (layer F.Fab)
      (effects (font (size 0.4 0.4) (thickness 0.06)))
    )
    (pad 1 smd roundrect (at -0.825 0) (size 0.8 0.95) (layers F.Cu F.Paste F.Mask) (roundrect_rratio 0.25)
      (net 1 +3V3))
    (pad 2 smd roundrect (at 0.825 0) (size 0.8 0.95) (layers F.Cu F.Paste F.Mask) (roundrect_rratio 0.25)
      (net 3 /ID))
    (model ${KISYS3DMOD}/Resistor_SMD.3dshapes/R_0603_1608Metric.wrl
      (at (xyz 0 0 0))
      (scale (xyz 1 1 1))
      (rotate (xyz 0 0 0))
    )
  )

  (module Resistor_SMD:R_0603_1608Metric (layer F.Cu) (tedit 5F68FEEE) (tstamp 5FC1FC07)
    (at 160.3 48.5 270)
    (descr "Resistor SMD 0603 (1608 Metric), square (rectangular) end terminal, IPC_7351 nominal, (Body size source: IPC-SM-782 page 72, https://www.pcb-3d.com/wordpress/wp-content/uploads/ipc-sm-782a_amendment_1_and_2.pdf), generated with kicad-footprint-generator")
    (tags resistor)
    (path /5FCC1136)
    (attr smd)
    (fp_text reference R2 (at -2.4 0.6 90) (layer F.SilkS)
      (effects (font (size 1 1) (thickness 0.15)))
    )
    (fp_text value 33R (at 0 1.43 90) (layer F.Fab)
      (effects (font (size 1 1) (thickness 0.15)))
    )
    (fp_line (start 1.48 0.73) (end -1.48 0.73) (layer F.CrtYd) (width 0.05))
    (fp_line (start 1.48 -0.73) (end 1.48 0.73) (layer F.CrtYd) (width 0.05))
    (fp_line (start -1.48 -0.73) (end 1.48 -0.73) (layer F.CrtYd) (width 0.05))
    (fp_line (start -1.48 0.73) (end -1.48 -0.73) (layer F.CrtYd) (width 0.05))
    (fp_line (start -0.237258 0.5225) (end 0.237258 0.5225) (layer F.SilkS) (width 0.12))
    (fp_line (start -0.237258 -0.5225) (end 0.237258 -0.5225) (layer F.SilkS) (width 0.12))
    (fp_line (start 0.8 0.4125) (end -0.8 0.4125) (layer F.Fab) (width 0.1))
    (fp_line (start 0.8 -0.4125) (end 0.8 0.4125) (layer F.Fab) (width 0.1))
    (fp_line (start -0.8 -0.4125) (end 0.8 -0.4125) (layer F.Fab) (width 0.1))
    (fp_line (start -0.8 0.4125) (end -0.8 -0.4125) (layer F.Fab) (width 0.1))
    (fp_text user %R (at 0 0 90) (layer F.Fab)
      (effects (font (size 0.4 0.4) (thickness 0.06)))
    )
    (pad 1 smd roundrect (at -0.825 0 270) (size 0.8 0.95) (layers F.Cu F.Paste F.Mask) (roundrect_rratio 0.25)
      (net 14 /D-))
    (pad 2 smd roundrect (at 0.825 0 270) (size 0.8 0.95) (layers F.Cu F.Paste F.Mask) (roundrect_rratio 0.25)
      (net 15 /MAX_D-))
    (model ${KISYS3DMOD}/Resistor_SMD.3dshapes/R_0603_1608Metric.wrl
      (at (xyz 0 0 0))
      (scale (xyz 1 1 1))
      (rotate (xyz 0 0 0))
    )
  )

  (module Resistor_SMD:R_0603_1608Metric (layer F.Cu) (tedit 5F68FEEE) (tstamp 5FC1FC18)
    (at 158.5 48.5 270)
    (descr "Resistor SMD 0603 (1608 Metric), square (rectangular) end terminal, IPC_7351 nominal, (Body size source: IPC-SM-782 page 72, https://www.pcb-3d.com/wordpress/wp-content/uploads/ipc-sm-782a_amendment_1_and_2.pdf), generated with kicad-footprint-generator")
    (tags resistor)
    (path /5FCC17D8)
    (attr smd)
    (fp_text reference R3 (at -2.4 0.2 90) (layer F.SilkS)
      (effects (font (size 1 1) (thickness 0.15)))
    )
    (fp_text value 33R (at 0 1.43 90) (layer F.Fab)
      (effects (font (size 1 1) (thickness 0.15)))
    )
    (fp_line (start -0.8 0.4125) (end -0.8 -0.4125) (layer F.Fab) (width 0.1))
    (fp_line (start -0.8 -0.4125) (end 0.8 -0.4125) (layer F.Fab) (width 0.1))
    (fp_line (start 0.8 -0.4125) (end 0.8 0.4125) (layer F.Fab) (width 0.1))
    (fp_line (start 0.8 0.4125) (end -0.8 0.4125) (layer F.Fab) (width 0.1))
    (fp_line (start -0.237258 -0.5225) (end 0.237258 -0.5225) (layer F.SilkS) (width 0.12))
    (fp_line (start -0.237258 0.5225) (end 0.237258 0.5225) (layer F.SilkS) (width 0.12))
    (fp_line (start -1.48 0.73) (end -1.48 -0.73) (layer F.CrtYd) (width 0.05))
    (fp_line (start -1.48 -0.73) (end 1.48 -0.73) (layer F.CrtYd) (width 0.05))
    (fp_line (start 1.48 -0.73) (end 1.48 0.73) (layer F.CrtYd) (width 0.05))
    (fp_line (start 1.48 0.73) (end -1.48 0.73) (layer F.CrtYd) (width 0.05))
    (fp_text user %R (at 0 0 90) (layer F.Fab)
      (effects (font (size 0.4 0.4) (thickness 0.06)))
    )
    (pad 2 smd roundrect (at 0.825 0 270) (size 0.8 0.95) (layers F.Cu F.Paste F.Mask) (roundrect_rratio 0.25)
      (net 16 /MAX_D+))
    (pad 1 smd roundrect (at -0.825 0 270) (size 0.8 0.95) (layers F.Cu F.Paste F.Mask) (roundrect_rratio 0.25)
      (net 13 /D+))
    (model ${KISYS3DMOD}/Resistor_SMD.3dshapes/R_0603_1608Metric.wrl
      (at (xyz 0 0 0))
      (scale (xyz 1 1 1))
      (rotate (xyz 0 0 0))
    )
  )

  (module Package_QFP:LQFP-32_5x5mm_P0.5mm (layer F.Cu) (tedit 5D9F72AF) (tstamp 5FC1FC63)
    (at 155.4 55.6 90)
    (descr "LQFP, 32 Pin (https://www.nxp.com/docs/en/package-information/SOT401-1.pdf), generated with kicad-footprint-generator ipc_gullwing_generator.py")
    (tags "LQFP QFP")
    (path /5FC1CAD1)
    (attr smd)
    (fp_text reference U1 (at 0 -4.88 90) (layer F.SilkS)
      (effects (font (size 1 1) (thickness 0.15)))
    )
    (fp_text value MAX3421E (at 0 4.88 90) (layer F.Fab)
      (effects (font (size 1 1) (thickness 0.15)))
    )
    (fp_line (start 4.18 2.15) (end 4.18 0) (layer F.CrtYd) (width 0.05))
    (fp_line (start 2.75 2.15) (end 4.18 2.15) (layer F.CrtYd) (width 0.05))
    (fp_line (start 2.75 2.75) (end 2.75 2.15) (layer F.CrtYd) (width 0.05))
    (fp_line (start 2.15 2.75) (end 2.75 2.75) (layer F.CrtYd) (width 0.05))
    (fp_line (start 2.15 4.18) (end 2.15 2.75) (layer F.CrtYd) (width 0.05))
    (fp_line (start 0 4.18) (end 2.15 4.18) (layer F.CrtYd) (width 0.05))
    (fp_line (start -4.18 2.15) (end -4.18 0) (layer F.CrtYd) (width 0.05))
    (fp_line (start -2.75 2.15) (end -4.18 2.15) (layer F.CrtYd) (width 0.05))
    (fp_line (start -2.75 2.75) (end -2.75 2.15) (layer F.CrtYd) (width 0.05))
    (fp_line (start -2.15 2.75) (end -2.75 2.75) (layer F.CrtYd) (width 0.05))
    (fp_line (start -2.15 4.18) (end -2.15 2.75) (layer F.CrtYd) (width 0.05))
    (fp_line (start 0 4.18) (end -2.15 4.18) (layer F.CrtYd) (width 0.05))
    (fp_line (start 4.18 -2.15) (end 4.18 0) (layer F.CrtYd) (width 0.05))
    (fp_line (start 2.75 -2.15) (end 4.18 -2.15) (layer F.CrtYd) (width 0.05))
    (fp_line (start 2.75 -2.75) (end 2.75 -2.15) (layer F.CrtYd) (width 0.05))
    (fp_line (start 2.15 -2.75) (end 2.75 -2.75) (layer F.CrtYd) (width 0.05))
    (fp_line (start 2.15 -4.18) (end 2.15 -2.75) (layer F.CrtYd) (width 0.05))
    (fp_line (start 0 -4.18) (end 2.15 -4.18) (layer F.CrtYd) (width 0.05))
    (fp_line (start -4.18 -2.15) (end -4.18 0) (layer F.CrtYd) (width 0.05))
    (fp_line (start -2.75 -2.15) (end -4.18 -2.15) (layer F.CrtYd) (width 0.05))
    (fp_line (start -2.75 -2.75) (end -2.75 -2.15) (layer F.CrtYd) (width 0.05))
    (fp_line (start -2.15 -2.75) (end -2.75 -2.75) (layer F.CrtYd) (width 0.05))
    (fp_line (start -2.15 -4.18) (end -2.15 -2.75) (layer F.CrtYd) (width 0.05))
    (fp_line (start 0 -4.18) (end -2.15 -4.18) (layer F.CrtYd) (width 0.05))
    (fp_line (start -2.5 -1.5) (end -1.5 -2.5) (layer F.Fab) (width 0.1))
    (fp_line (start -2.5 2.5) (end -2.5 -1.5) (layer F.Fab) (width 0.1))
    (fp_line (start 2.5 2.5) (end -2.5 2.5) (layer F.Fab) (width 0.1))
    (fp_line (start 2.5 -2.5) (end 2.5 2.5) (layer F.Fab) (width 0.1))
    (fp_line (start -1.5 -2.5) (end 2.5 -2.5) (layer F.Fab) (width 0.1))
    (fp_line (start -2.61 -2.16) (end -3.925 -2.16) (layer F.SilkS) (width 0.12))
    (fp_line (start -2.61 -2.61) (end -2.61 -2.16) (layer F.SilkS) (width 0.12))
    (fp_line (start -2.16 -2.61) (end -2.61 -2.61) (layer F.SilkS) (width 0.12))
    (fp_line (start 2.61 -2.61) (end 2.61 -2.16) (layer F.SilkS) (width 0.12))
    (fp_line (start 2.16 -2.61) (end 2.61 -2.61) (layer F.SilkS) (width 0.12))
    (fp_line (start -2.61 2.61) (end -2.61 2.16) (layer F.SilkS) (width 0.12))
    (fp_line (start -2.16 2.61) (end -2.61 2.61) (layer F.SilkS) (width 0.12))
    (fp_line (start 2.61 2.61) (end 2.61 2.16) (layer F.SilkS) (width 0.12))
    (fp_line (start 2.16 2.61) (end 2.61 2.61) (layer F.SilkS) (width 0.12))
    (fp_text user %R (at 0 0 90) (layer F.Fab)
      (effects (font (size 1 1) (thickness 0.15)))
    )
    (pad 1 smd roundrect (at -3.175 -1.75 90) (size 1.5 0.3) (layers F.Cu F.Paste F.Mask) (roundrect_rratio 0.25)
      (net 2 GND))
    (pad 2 smd roundrect (at -3.175 -1.25 90) (size 1.5 0.3) (layers F.Cu F.Paste F.Mask) (roundrect_rratio 0.25)
      (net 1 +3V3))
    (pad 3 smd roundrect (at -3.175 -0.75 90) (size 1.5 0.3) (layers F.Cu F.Paste F.Mask) (roundrect_rratio 0.25)
      (net 2 GND))
    (pad 4 smd roundrect (at -3.175 -0.25 90) (size 1.5 0.3) (layers F.Cu F.Paste F.Mask) (roundrect_rratio 0.25))
    (pad 5 smd roundrect (at -3.175 0.25 90) (size 1.5 0.3) (layers F.Cu F.Paste F.Mask) (roundrect_rratio 0.25))
    (pad 6 smd roundrect (at -3.175 0.75 90) (size 1.5 0.3) (layers F.Cu F.Paste F.Mask) (roundrect_rratio 0.25))
    (pad 7 smd roundrect (at -3.175 1.25 90) (size 1.5 0.3) (layers F.Cu F.Paste F.Mask) (roundrect_rratio 0.25))
    (pad 8 smd roundrect (at -3.175 1.75 90) (size 1.5 0.3) (layers F.Cu F.Paste F.Mask) (roundrect_rratio 0.25))
    (pad 9 smd roundrect (at -1.75 3.175 90) (size 0.3 1.5) (layers F.Cu F.Paste F.Mask) (roundrect_rratio 0.25))
    (pad 10 smd roundrect (at -1.25 3.175 90) (size 0.3 1.5) (layers F.Cu F.Paste F.Mask) (roundrect_rratio 0.25))
    (pad 11 smd roundrect (at -0.75 3.175 90) (size 0.3 1.5) (layers F.Cu F.Paste F.Mask) (roundrect_rratio 0.25))
    (pad 12 smd roundrect (at -0.25 3.175 90) (size 0.3 1.5) (layers F.Cu F.Paste F.Mask) (roundrect_rratio 0.25)
      (net 8 /RST))
    (pad 13 smd roundrect (at 0.25 3.175 90) (size 0.3 1.5) (layers F.Cu F.Paste F.Mask) (roundrect_rratio 0.25)
      (net 7 /SCLK))
    (pad 14 smd roundrect (at 0.75 3.175 90) (size 0.3 1.5) (layers F.Cu F.Paste F.Mask) (roundrect_rratio 0.25)
      (net 9 /SS))
    (pad 15 smd roundrect (at 1.25 3.175 90) (size 0.3 1.5) (layers F.Cu F.Paste F.Mask) (roundrect_rratio 0.25)
      (net 11 /MISO))
    (pad 16 smd roundrect (at 1.75 3.175 90) (size 0.3 1.5) (layers F.Cu F.Paste F.Mask) (roundrect_rratio 0.25)
      (net 12 /MOSI))
    (pad 17 smd roundrect (at 3.175 1.75 90) (size 1.5 0.3) (layers F.Cu F.Paste F.Mask) (roundrect_rratio 0.25))
    (pad 18 smd roundrect (at 3.175 1.25 90) (size 1.5 0.3) (layers F.Cu F.Paste F.Mask) (roundrect_rratio 0.25)
      (net 10 /IRQ))
    (pad 19 smd roundrect (at 3.175 0.75 90) (size 1.5 0.3) (layers F.Cu F.Paste F.Mask) (roundrect_rratio 0.25)
      (net 2 GND))
    (pad 20 smd roundrect (at 3.175 0.25 90) (size 1.5 0.3) (layers F.Cu F.Paste F.Mask) (roundrect_rratio 0.25)
      (net 15 /MAX_D-))
    (pad 21 smd roundrect (at 3.175 -0.25 90) (size 1.5 0.3) (layers F.Cu F.Paste F.Mask) (roundrect_rratio 0.25)
      (net 16 /MAX_D+))
    (pad 22 smd roundrect (at 3.175 -0.75 90) (size 1.5 0.3) (layers F.Cu F.Paste F.Mask) (roundrect_rratio 0.25)
      (net 6 VBUS))
    (pad 23 smd roundrect (at 3.175 -1.25 90) (size 1.5 0.3) (layers F.Cu F.Paste F.Mask) (roundrect_rratio 0.25)
      (net 1 +3V3))
    (pad 24 smd roundrect (at 3.175 -1.75 90) (size 1.5 0.3) (layers F.Cu F.Paste F.Mask) (roundrect_rratio 0.25)
      (net 5 "Net-(C5-Pad1)"))
    (pad 25 smd roundrect (at 1.75 -3.175 90) (size 0.3 1.5) (layers F.Cu F.Paste F.Mask) (roundrect_rratio 0.25)
      (net 4 "Net-(C4-Pad1)"))
    (pad 26 smd roundrect (at 1.25 -3.175 90) (size 0.3 1.5) (layers F.Cu F.Paste F.Mask) (roundrect_rratio 0.25)
      (net 3 /ID))
    (pad 27 smd roundrect (at 0.75 -3.175 90) (size 0.3 1.5) (layers F.Cu F.Paste F.Mask) (roundrect_rratio 0.25)
      (net 2 GND))
    (pad 28 smd roundrect (at 0.25 -3.175 90) (size 0.3 1.5) (layers F.Cu F.Paste F.Mask) (roundrect_rratio 0.25)
      (net 2 GND))
    (pad 29 smd roundrect (at -0.25 -3.175 90) (size 0.3 1.5) (layers F.Cu F.Paste F.Mask) (roundrect_rratio 0.25)
      (net 2 GND))
    (pad 30 smd roundrect (at -0.75 -3.175 90) (size 0.3 1.5) (layers F.Cu F.Paste F.Mask) (roundrect_rratio 0.25)
